30.002778 121.624444
30.233333 121.424444
30.263056 121.079444
30.121667 120.775278
30.064167 120.781667
30.257222 120.545000
30.249444 120.280833
30.294444 120.255556
30.394722 120.570278
30.370278 120.905278
30.587500 121.081667
30.743611 121.374444
30.863056 121.698333
31.041111 121.844167
31.301944 121.676667
31.471389 121.368889
31.682500 121.117778
31.794722 120.761111
31.966389 120.736389
31.963611 120.427778
31.930833 120.060556
32.113333 119.779722
32.210556 119.642778
32.326944 119.771111
32.105556 119.921667
31.933056 120.210833
32.101111 120.499167
31.983056 120.851111
31.859167 121.092222
31.819444 121.468056
31.680278 121.820556
31.932222 121.810556
32.116667 121.514444
32.276111 121.409167
32.482222 121.185000
32.625556 120.870556
32.806389 120.892778
33.067778 120.817778
33.285000 120.696667
33.553333 120.550556
33.816389 120.439167
34.106111 120.342500
34.353611 120.143889
34.483889 119.778611
40.009167 124.467222
39.822778 124.421944
39.652500 124.632778
39.764167 124.735556
39.638333 124.997222
39.556111 125.243056
39.480278 125.374722
39.315556 125.413889
39.140556 125.293611
38.928889 125.190833
38.791667 125.240000
38.709722 125.405000
38.656944 125.631389
38.686111 125.409722
38.664167 125.123611
38.523056 125.010278
38.282778 124.869722
38.206389 124.836667
38.100833 124.851944
38.081389 125.211667
37.985556 125.136111
37.891944 125.037778
37.856944 125.292778
37.843056 125.446667
37.832500 125.527500
37.728611 125.341667
37.778056 125.547222
37.892222 125.665278
38.024444 125.584167
37.898333 125.867222
37.855556 126.010833
37.823611 126.143611
37.827500 126.470556
38.698333 128.341389
38.842778 128.075278
39.049167 127.809722
39.175278 127.499722
39.330000 127.421111
39.395278 127.527222
39.499167 127.528611
39.757222 127.549167
39.881944 127.833889
40.026667 128.127500
40.093056 128.421389
40.267500 128.637778
40.430556 128.952222
40.648056 129.209722
40.787778 129.496944
40.971389 129.729167
41.295556 129.765000
41.563056 129.668611
41.825556 129.884722
42.041389 130.048889
42.200833 130.267222
42.304167 130.439167
37.773889 126.683889
37.744722 126.663056
37.603056 126.608333
37.393056 126.707222
37.265556 126.841944
37.216667 126.710833
37.164167 126.801111
37.030833 126.805000
37.004722 126.827222
36.970556 127.029722
36.821389 126.861944
36.901667 126.784167
36.939444 126.635000
36.972778 126.539722
36.905556 126.498889
37.004167 126.400833
36.875556 126.380833
36.830833 126.306111
36.898889 126.226667
36.788333 126.156667
36.683056 126.158611
36.604722 126.333056
36.643056 126.387778
36.623056 126.517500
36.456111 126.541389
36.338889 126.566944
36.170556 126.560833
36.008333 126.669444
36.005556 126.768333
35.893333 126.760556
35.767500 126.787778
35.657778 126.515833
35.532222 126.678611
35.379167 126.423333
35.227500 126.325000
35.020278 126.416389
35.098889 126.260278
34.968056 126.333611
34.915000 126.405833
34.787222 126.488333
34.821389 126.628889
34.758056 126.416944
34.617778 126.612500
34.649167 126.386389
34.699167 126.351111
34.565278 126.325000
34.521111 126.534444
34.344722 126.505833
34.429722 126.710278
34.535000 126.803889
34.510278 126.968889
34.702222 127.213611
34.684167 127.291389
34.592778 127.180000
34.457222 127.307500
34.584722 127.356667
34.669722 127.437778
34.820278 127.410000
34.729722 127.574722
34.724722 127.680556
34.831111 127.625833
34.980278 127.714444
34.976944 127.950556
34.974167 128.060833
34.900556 128.289722
34.832778 128.415278
35.008333 128.501389
35.091389 128.465278
35.153611 128.586389
35.097778 128.705833
35.114444 128.949722
35.103056 129.106944
35.306667 129.290833
35.524167 129.392500
35.735556 129.499167
36.064444 129.573611
36.116944 129.409167
36.428889 129.438056
36.743889 129.470833
37.058889 129.433611
37.328333 129.277222
37.590278 129.102778
37.835556 128.892500
38.080833 128.682778
38.347778 128.520278
38.618889 128.365556
42.533333 130.855556
42.680278 130.757778
42.616667 130.915556
42.618056 131.102222
42.631111 131.213056
42.836389 131.396111
42.955556 131.498889
43.168333 131.693611
43.274722 131.761111
43.293889 132.003889
43.102222 131.851944
43.137778 132.058333
43.299722 132.342222
43.085278 132.309722
42.848889 132.351389
42.841944 132.589167
42.765000 132.796667
42.760000 133.055833
42.743889 133.233333
42.843056 133.590000
42.873889 133.892778
43.079722 134.188333
43.216111 134.533889
43.392778 134.860278
43.559167 135.163333
43.696389 135.296389
43.873611 135.490833
44.033333 135.629722
44.295556 135.820000
44.470278 136.115833
44.716111 136.323056
44.891944 136.555833
40.817778 121.861389
40.883333 121.788056
40.888056 121.441111
38.275278 117.800556
38.140278 118.099722
38.085278 118.507500
38.145556 118.844444
37.909444 119.023056
37.648056 119.014444
37.312500 118.953889
37.139167 119.261389
37.139167 119.719167
40.731389 122.066389
40.525278 122.290833
40.284444 122.103056
40.064444 121.905833
39.925556 121.692778
39.727778 121.473056
39.599722 121.384722
39.514444 121.407500
39.364722 121.687500
39.368889 121.874444
39.235000 121.634167
39.057222 121.577778
38.961111 121.308056
38.851111 121.115833
38.797222 121.248611
38.868333 121.590000
38.987222 121.653611
38.955000 121.882222
39.055833 121.980833
39.212222 122.132500
39.411667 122.398611
39.513333 122.689167
39.631389 122.992222
39.691111 123.255556
39.779167 123.331111
39.793889 123.525833
39.842778 123.684722
39.833333 124.065000
39.998056 124.353611
38.443333 117.635833
38.751111 117.564722
38.994444 117.741111
39.203333 117.927778
39.077778 118.238889
39.166944 118.554722
39.208333 118.870000
39.161944 118.978056
39.376389 119.220278
39.551944 119.215278
39.781944 119.430556
39.938889 119.720556
40.079722 120.068056
40.191667 120.438333
40.401944 120.550000
40.596944 120.798056
40.739444 120.938056
34.582222 119.579444
34.773889 119.345000
34.840833 119.166111
35.092222 119.346944
35.359167 119.528056
35.618611 119.728611
35.673889 119.904722
35.850833 120.041944
35.954444 120.256389
36.064722 120.162222
36.221667 120.203333
36.191389 120.355556
36.082500 120.465000
36.236389 120.671111
36.438611 120.740833
36.475556 120.939722
36.537222 120.756389
36.585000 120.971944
36.691667 121.253611
36.825556 121.470556
36.748333 121.531667
36.818889 121.679722
36.978056 121.917500
36.946944 122.100278
36.891944 122.195278
36.916667 122.401111
37.016667 122.495278
37.105833 122.463056
37.282778 122.556667
37.411944 122.654167
37.446111 122.263056
37.555000 122.075556
37.458056 121.892778
37.445556 121.664722
37.574167 121.377500
37.579167 121.161111
37.771111 120.940833
37.785833 120.610000
37.683333 120.242222
37.493333 120.163889
37.340278 119.848611
30.028611 122.397500
30.105556 121.913056
30.167222 122.026111
30.120556 122.160556
30.000000 122.036667
30.348611 121.971667
30.277500 122.221944
30.238611 122.282778
30.229722 122.488889
30.132778 122.748611
30.452778 122.373333
30.515278 122.311389
30.725556 122.463333
30.715556 122.776667
31.373056 121.810833
31.335556 121.771944
31.376667 121.660000
31.804444 121.210556
31.693056 121.483056
31.553889 121.823056
31.509167 121.648333
31.658611 121.311667
31.811667 121.053889
31.991944 120.378889
32.285833 119.793889
32.108056 119.832778
32.202222 119.591389
32.218056 118.773333
31.848611 118.494722
31.573056 118.393611
31.210556 118.003889
31.027222 117.732778
30.743333 117.451667
30.520833 117.213056
30.019167 116.570833
31.125278 120.242778
31.112778 120.220000
33.108333 118.493333
33.172500 118.035833
33.137500 118.040278
34.771667 119.471944
37.488889 122.188333
37.987222 120.701667
38.283889 120.793889
40.494722 116.932778
39.391944 121.342222
39.476389 121.353333
39.153056 122.367222
39.273333 122.529722
39.026944 122.741111
39.232778 122.679722
39.426944 123.055278
39.759167 123.746389
39.884444 124.278056
39.542778 124.617222
39.460278 124.783056
39.608333 124.934167
38.496667 124.900000
37.812778 125.025278
37.694167 125.225833
39.309167 127.449167
42.132222 130.283611
37.963333 124.612222
37.759722 124.762778
37.631667 126.257778
37.809167 126.274167
37.540000 126.346111
37.652778 126.531111
37.705278 126.368889
37.491389 126.466667
37.442500 126.432500
37.249722 126.338333
37.230556 126.616111
37.169167 126.623333
37.181389 126.001944
37.058056 126.430833
36.673056 126.084722
36.406944 126.370000
36.580833 126.359444
36.284167 126.256944
35.823333 126.472500
35.273611 126.144167
35.049722 126.086944
35.076111 126.228056
35.048056 126.168333
34.969722 126.272222
34.855556 126.355278
34.912778 126.089167
34.842778 126.150000
34.798889 126.148056
34.715556 126.131389
34.785278 126.002778
34.592778 125.831389
34.620000 126.030000
34.606667 126.068889
34.639167 125.460000
34.698333 125.205556
34.371389 126.261944
34.465556 126.163056
34.536111 126.347778
34.326389 126.017500
34.226944 126.063333
33.910833 126.337500
34.175000 126.570556
34.156667 126.593056
34.190833 126.761389
34.343889 126.648333
34.425278 126.812222
34.301944 126.869167
34.156389 126.859167
33.464722 126.933056
33.273889 126.736389
33.225833 126.375278
33.356389 126.188056
33.506111 126.491667
33.505278 126.979167
34.034444 127.320000
34.350833 127.029722
34.506111 127.129167
34.439722 127.117222
34.210556 127.267500
34.448889 127.532778
34.543611 127.683611
34.496667 127.744444
34.643889 127.810278
34.679167 127.783611
34.806944 127.976944
34.733056 127.955000
34.887500 127.852500
34.840556 127.985000
34.819167 128.267778
34.734444 128.305278
34.699444 128.465278
34.926944 128.734167
34.765278 128.659444
34.783056 128.584167
34.905278 128.578889
34.998611 128.720278
35.040833 128.861944
35.083333 129.090556
37.545556 130.912222
32.508056 131.716389
32.698056 131.849444
32.852500 131.982778
32.952500 131.922778
33.062778 131.915833
33.221944 131.881667
33.246667 131.571667
33.418889 131.650278
33.652778 131.656667
33.562500 131.351944
33.694444 131.029167
33.950278 130.990278
33.924167 130.678333
33.747500 130.468056
33.597778 130.393611
33.588333 130.119722
33.439444 129.999722
33.436667 129.861667
33.280833 129.835833
33.368889 129.595278
33.141944 129.682778
33.054444 129.772222
32.885833 129.958056
32.866667 129.812500
33.007222 129.743333
32.908056 129.664722
32.715278 129.843056
32.618333 129.848889
32.779444 130.118333
32.590278 130.189722
32.818333 130.354167
32.883056 130.148333
33.105833 130.137778
33.090278 130.405556
32.836944 130.558889
33.976667 134.617778
33.821389 134.711944
33.677500 134.496111
33.474722 134.265000
33.310000 134.095833
33.500833 133.805556
33.433333 133.460833
33.280000 133.248889
33.041111 133.110000
32.799722 132.967500
32.767778 132.855556
32.841389 132.670000
32.910278 132.513611
33.048056 132.421667
33.187222 132.410278
33.286111 132.497500
33.419722 132.404444
33.387778 132.175833
33.398611 132.134444
33.539167 132.417778
33.740556 132.690000
34.020833 132.836944
34.046389 133.016667
33.962222 133.273889
34.031111 133.593333
34.229722 133.637778
34.369167 133.921944
34.320278 134.176667
34.205278 134.441944
34.179722 134.613333
41.341667 141.328333
41.209722 141.419722
40.884167 141.402222
40.589444 141.463056
40.391389 141.715278
40.145556 141.875000
39.892500 141.963611
39.596667 141.953611
39.466944 141.959444
39.356389 141.961111
39.243611 141.914444
39.112500 141.901389
39.018889 141.755278
38.958056 141.637222
38.802778 141.568611
38.625833 141.534722
38.457778 141.496111
38.288889 141.530833
38.402222 141.307500
38.342222 141.067222
38.064167 140.930833
37.759722 140.994722
37.456389 141.038889
37.119167 141.000833
36.863889 140.796667
36.530556 140.636667
36.215833 140.567500
35.936944 140.698333
35.682778 140.867222
35.584444 140.531944
35.271667 140.414167
35.105000 140.152222
34.893611 139.901389
35.053333 139.846111
35.302500 139.781944
35.476944 140.028056
35.653333 139.926111
35.509722 139.783611
35.337500 139.653056
35.130000 139.659444
35.304444 139.415833
35.141944 139.156389
34.870833 139.134167
34.652222 138.948333
34.745278 138.779444
35.010000 138.823889
35.102778 138.649444
34.948333 138.478333
34.732222 138.252500
34.646111 138.006111
34.668889 137.602222
34.606944 137.231667
34.618056 137.121111
34.781667 137.308056
34.803889 136.994722
34.729167 136.953056
34.886667 136.824722
35.056667 136.813056
34.818056 136.607500
34.581111 136.641944
34.410833 136.920833
34.265556 136.768889
34.314444 136.712778
34.245000 136.510278
34.093889 136.315556
33.975278 136.213333
33.768333 136.046111
33.528056 135.895000
33.493333 135.621944
33.678056 135.342778
33.845000 135.164444
34.010000 135.148056
34.210833 135.137500
34.384167 135.279722
34.643333 135.443056
34.640556 135.163611
34.728333 134.806111
34.768333 134.471944
34.705000 134.241944
34.585000 134.067222
34.546944 134.022500
34.455556 133.780000
34.435278 133.501111
34.370556 133.368889
34.422778 133.250833
34.251944 133.068056
34.382500 133.084444
34.285556 132.804444
34.204444 132.546667
34.361389 132.386111
34.122222 132.211389
33.869722 132.143889
33.870556 132.099722
33.960278 131.815556
34.020833 131.609444
33.992778 131.418889
33.945000 131.218611
33.962778 130.962222
34.118056 130.864722
34.353889 130.944722
34.410556 131.091667
34.386667 131.211667
34.493333 131.460556
34.665000 131.688611
34.822500 131.990556
35.024167 132.259444
35.234444 132.528611
35.438611 132.696389
35.524722 133.002778
35.566111 133.317500
35.486944 133.470278
35.492778 133.873611
35.536667 134.253056
35.640833 134.594722
35.656111 134.955000
35.724722 135.278056
35.577778 135.240556
35.486944 135.401389
35.539722 135.504444
35.478333 135.657778
35.539722 135.817500
35.646389 135.968889
35.714444 136.089722
35.990278 135.976111
36.245833 136.200000
36.468056 136.472222
36.745833 136.709167
37.074444 136.726389
37.348889 136.767500
37.469167 137.109444
37.425000 137.324722
37.250278 137.099167
37.093333 136.863889
36.994167 137.053611
36.748333 137.177500
36.929444 137.451389
37.027500 137.805833
37.151667 138.142500
37.320278 138.455278
37.560000 138.724722
37.871944 138.923611
38.010000 139.260833
38.290833 139.450278
38.633611 139.602222
38.936389 139.824722
39.276944 139.936944
39.597500 140.070556
39.881667 139.955278
39.976389 139.696389
40.145278 139.982500
40.440556 139.940278
40.680278 139.975278
40.843056 140.286389
41.052500 140.335278
41.210556 140.420556
41.062222 140.635000
40.826111 140.803889
40.925556 140.997500
41.058333 141.241111
41.210278 141.128611
41.143611 140.772222
41.461944 140.891667
44.951111 142.584722
44.698889 142.830833
44.476111 143.146111
44.269167 143.511389
44.120833 143.721111
44.117500 144.123333
44.110833 144.259167
43.926389 144.547222
44.024722 144.932222
43.003611 144.749722
42.929167 144.478889
42.944167 144.098056
42.749167 143.781389
42.507778 143.490833
42.182222 143.336111
41.966944 143.173889
42.144444 142.785833
42.320000 142.363611
42.511944 141.975000
42.605278 141.570833
42.451111 141.229167
42.328889 140.952222
42.548611 140.756667
42.493889 140.376667
42.200278 140.397778
42.102778 140.761667
41.882778 141.045278
41.710556 141.017222
41.799444 140.730000
41.649444 140.434444
41.435000 140.229722
41.575833 139.978611
41.871667 140.130833
42.124167 139.955556
42.380000 139.812778
42.678889 139.920556
42.773611 140.241667
42.975556 140.493333
43.221389 140.327500
43.300556 140.617778
43.224444 140.977500
43.201389 141.308056
43.487222 141.375556
43.787500 141.386389
44.006111 141.665278
44.317778 141.673333
44.656944 141.796667
44.952778 141.718611
34.499722 129.452500
34.313889 129.313611
34.381667 129.274722
34.615278 129.327778
34.220000 129.329722
34.193056 129.187778
34.250278 129.336111
33.745000 129.658889
34.103056 130.784722
33.416667 129.791667
33.503056 129.563333
33.226389 129.499167
33.270833 129.431667
33.318611 129.543333
33.189167 129.098056
32.916667 129.637222
32.997500 129.266389
32.884722 129.092500
32.977500 129.054722
32.645556 131.832222
33.158056 132.275000
33.025556 132.415833
34.019444 131.761944
33.761667 131.955278
33.718333 132.159444
33.897500 132.423056
33.902222 132.185278
33.933611 132.465000
34.172222 132.301667
34.298889 132.434167
34.218611 132.393056
34.156389 132.416667
33.962778 132.547500
33.876111 132.671667
34.078056 132.544722
34.183611 132.673056
34.143333 132.818889
34.196944 132.866111
34.202500 133.034722
34.108056 133.056389
34.220000 133.074444
34.354167 133.282222
34.253889 133.649167
34.362222 133.768889
34.500278 134.368056
34.466389 134.228333
34.523889 134.369444
34.487222 134.973333
34.233611 134.879444
34.310833 134.678333
34.541111 134.937500
33.885556 134.829444
34.219722 139.180556
34.333889 139.283333
34.730556 139.454167
32.439444 139.765833
33.044444 139.808611
33.872222 139.623889
38.298889 141.417222
38.451111 141.533611
42.946389 144.878333
42.214722 139.471389
42.076111 139.426389
38.425833 139.229722
38.049444 138.452222
37.878056 138.467500
37.848889 138.282222
38.062500 138.236111
38.318889 138.488611
37.089444 136.954167
36.183611 133.330278
36.320278 133.258611
36.001389 133.072500
36.033056 133.002222
34.781667 131.141944
34.348889 130.842500
32.631944 130.587500
32.483056 130.559167
32.269722 130.433611
32.120556 130.199722
31.838056 130.209722
31.638333 130.320833
31.396111 130.206944
31.245000 130.254722
31.164444 130.571389
31.383611 130.545833
31.695000 130.624444
31.553611 130.737500
31.491111 130.697778
31.198056 130.774722
31.048333 130.758056
31.223333 131.035556
31.395278 131.025833
31.386111 131.296111
31.591667 131.417222
31.885833 131.446111
32.207778 131.556111
32.600833 130.417778
32.502222 130.301111
32.374722 130.369444
32.375000 130.404444
32.280833 130.261389
32.138889 130.126111
32.513056 130.052222
32.341111 130.209722
32.229722 130.003056
32.890556 128.983056
32.818611 128.937222
32.723611 128.590278
32.768611 128.753611
32.643333 128.842778
32.648889 128.615000
31.812222 129.904444
31.746111 129.750833
30.833889 129.914167
30.808889 130.418611
30.616111 131.046944
30.355000 130.879167
30.662222 130.948889
30.410278 130.620556
30.247500 130.451944
30.451944 130.519722
31.913333 139.925556
42.911667 131.736111
42.970556 131.908889
43.047222 131.847778
42.881389 132.430278
43.437778 115.036944
40.323333 115.676389
40.340833 115.699167
35.935556 116.246389
36.075556 116.176111
34.586389 117.345833
34.576111 117.147778
38.935000 117.529722
40.480556 116.837500
40.542222 117.046111
43.234444 116.467500
43.364444 116.728889
41.879444 124.258889
41.887500 124.197500
42.566667 124.201389
44.901111 122.929722
43.782222 128.935278
43.794722 128.774722
43.893889 128.880833
44.022778 128.979722
43.479167 127.135278
43.660556 126.832222
43.578056 126.913889
43.619444 126.815556
43.658889 126.710000
43.939444 125.772222
43.243056 124.876111
43.161944 124.811111
30.282222 115.010000
30.122778 115.093889
30.077500 115.059167
30.059722 116.121944
30.098333 116.255278
30.068333 116.350833
30.113056 116.372222
30.224167 116.350000
30.183056 116.492778
30.067500 116.495833
30.006389 116.688333
30.408889 117.024167
30.365833 117.110833
30.303056 116.649167
30.261111 116.796667
30.286667 116.604444
30.522778 116.897222
30.425833 116.731111
30.836667 116.992500
30.886944 117.053056
30.860278 117.146667
30.755278 117.064167
30.879167 117.251667
30.835000 117.438333
31.158333 120.951667
31.368056 120.667500
31.442500 120.772500
31.393056 120.865833
31.354444 120.642500
31.464167 120.071389
31.483611 120.250556
31.454167 120.369167
31.306667 120.341944
31.144167 120.427778
31.051667 120.432778
31.071667 120.582500
30.925556 120.279722
31.065833 119.965278
31.588889 119.764444
31.537500 119.844722
31.653889 119.531389
31.093889 118.861944
31.123333 119.018889
31.536389 118.693333
31.502222 118.968611
31.470000 118.765000
31.558889 117.317500
31.626944 117.430000
31.643611 117.739722
31.538611 117.921667
31.462500 117.652500
32.293611 116.323056
32.238611 116.338889
32.417500 116.859722
32.531944 116.848611
32.328889 116.933333
32.956944 118.035833
32.983611 118.260278
33.124444 118.043333
33.048889 117.758333
33.192778 117.999444
33.075278 118.235556
33.035000 118.408056
33.151111 118.488611
33.284722 118.220556
33.246667 118.270000
33.421389 118.474167
33.390833 118.592222
33.635833 118.503889
33.489722 118.616389
33.369722 118.867500
33.082778 118.735556
33.185833 118.579167
32.969444 118.408333
32.863056 118.185278
32.963889 118.110000
32.833333 119.071111
32.859167 119.246111
33.047778 119.273889
33.156389 119.165556
33.041111 118.963056
33.045278 119.049722
33.186667 119.263611
33.022500 119.371389
32.720278 119.370556
32.660556 119.173889
34.096111 118.144167
34.053611 118.146667
40.555278 125.132500
40.466111 125.004167
40.550278 125.028611
40.663056 125.331389
42.351389 130.532222
38.116667 127.870556
35.435556 132.868889
35.420556 133.321667
35.515000 133.198333
35.578611 135.871389
35.243056 136.188889
35.067222 135.950833
35.163611 135.923889
35.426667 136.052778
35.156944 136.128333
34.675833 137.619444
36.035833 138.116944
36.057500 140.432778
35.983056 140.373056
36.071389 140.388333
36.021111 140.576944
36.086111 140.535833
37.524722 140.101944
37.526667 140.070000
40.434167 140.938611
40.721111 141.355833
42.624167 140.881111
42.789722 141.351944
42.795556 141.341944
43.433333 144.118889
43.575833 144.287778
43.598611 144.539444
43.925278 144.155278
42.535833 130.770000
44.740278 132.638056
44.529167 132.370000
44.668889 132.179722
44.904444 132.111667
